Paris_val
    dinov2: 0.3989524094841454
    clip: 0.31346215150286516
    resnet34: 0.16612599510961454
    resnet18: 0.133639227739859

simple1k
    dinov2: 0.9310119448433457
    clip: 0.8082394504759162
    resnet34: 0.29445878440126283
    resnet18: 0.10530075811849111

VOC_val
    dinov2: 0.4695281361677895
    clip: 0.4447242899801713
    resnet34: 0.15855232366350816
    resnet18: 0.1018226240947798